"x1" "x2" "y"
9.14806043496355 18.0806277459487 20.263171257464
9.37075413297862 2.77420335449278 9.77278042692124
2.86139534786344 19.7778345784172 19.9837514983551
8.30447626067325 18.9333646511659 20.6745404538554
6.41745518893003 1.64875116199255 6.62586684865436
5.19095949130133 10.2842356869951 11.520050525323
7.36588314641267 7.80406934209168 10.7312502916846
1.3466659723781 18.1147626182064 18.1647497630749
6.56992290401831 8.9393925620243 11.0939905508667
7.05064784036949 16.7200851999223 18.145877880708
4.5774177624844 14.751912355423 15.4457654881326
7.19112251652405 16.221102825366 17.7436304041409
9.34672247152776 7.7621656563133 12.1495858627285
2.55428824340925 13.703394588083 13.9394193446901
4.62292822543532 0.0789667759090662 4.62360261367951
9.40014522755519 16.658321605064 19.1275301332103
9.78226428385824 0.146682937629521 9.78336396151345
1.17487361654639 4.15317945647985 4.31615889565978
4.74997081561014 18.1320281559601 18.7438701392663
5.60332746244967 12.2355728689581 13.4575823268159
